FS_COMP_TABLE_F = [
-70, -99918.4
-65, 2858.48
-60, 3029.49
-55, 3200.5
-50, 3371.51
-45, 3542.52
-40, 3713.53
-35, 3884.53
-30, 4055.54
-25, 4226.55
-20, 4397.56
-15, 4568.57
-10, 4739.58
-5, 4910.59
0, 5081.6
5, 5252.61
10, 5423.62
15, 5594.63
20, 5765.64
25, 5936.65
30, 6107.66
35, 6278.67
40, 6449.68
45, 6620.69
50, 6791.7
55, 6962.71
60, 7133.72
65, 7304.73
70, 110082
]; % ENDTABLE


FS_EXT_TABLE_F = [
-70, -99958.4
-65, 2818.48
-60, 2989.49
-55, 3160.5
-50, 3331.51
-45, 3502.52
-40, 3673.53
-35, 3844.53
-30, 4015.54
-25, 4186.55
-20, 4357.56
-15, 4528.57
-10, 4699.58
-5, 4870.59
0, 5041.6
5, 5212.61
10, 5383.62
15, 5554.63
20, 5725.64
25, 5896.65
30, 6067.66
35, 6238.67
40, 6409.68
45, 6580.69
50, 6751.7
55, 6922.71
60, 7093.72
65, 7264.73
70, 110042
]; % ENDTABLE

FS_COMP_TABLE_R = [
-65, -92822.7
-60, 1899.92
-55, 2131.37
-50, 2362.81
-45, 2594.26
-40, 2825.71
-35, 3057.16
-30, 3288.6
-25, 3520.05
-20, 3751.5
-15, 3982.95
-10, 4214.39
-5, 4445.84
0, 4677.29
5, 4908.74
10, 5140.19
15, 5371.63
20, 5603.08
25, 5834.53
30, 6065.98
35, 6297.42
40, 6528.87
45, 6760.32
50, 6991.77
55, 7223.21
60, 7454.66
65, 102177
]; % ENDTABLE


FS_EXT_TABLE_F = [
-65, -92862.7
-60, 1859.92
-55, 2091.37
-50, 2322.81
-45, 2554.26
-40, 2785.71
-35, 3017.16
-30, 3248.6
-25, 3480.05
-20, 3711.5
-15, 3942.95
-10, 4174.39
-5, 4405.84
0, 4637.29
5, 4868.74
10, 5100.19
15, 5331.63
20, 5563.08
25, 5794.53
30, 6025.98
35, 6257.42
40, 6488.87
45, 6720.32
50, 6951.77
55, 7183.21
60, 7414.66
65, 102137
]; % ENDTABLE
