% Torque difference vs. speed difference of the front differential.
% Column 1 = speed difference (rpm). Column 2 = torque difference (N-m). The
% speed and torque differences are (left half-shaft) - (right half-shaft).
M_DIFF_FD_TABLE = [
        -1200,       402.88
        -1080,       382.21
         -960,       360.35
         -840,       337.07
         -720,       312.07
         -600,       284.88
         -540,       270.26
         -480,        254.8
         -420,       238.35
         -360,       220.67
         -300,       201.44
         -240,       180.17
         -180,       156.03
         -120,        127.4
          -60,        90.09
            0,            0
           60,       -90.09
          120,       -127.4
          180,      -156.03
          240,      -180.17
          300,      -201.44
          360,      -220.67
          420,      -238.35
          480,       -254.8
          540,      -270.26
          600,      -284.88
          720,      -312.07
          840,      -337.07
          960,      -360.35
         1080,      -382.21
         1200,      -402.88
];  % ENDTABLE


% Torque difference vs. speed difference of the rear differential.
% Column 1 = speed difference (rpm). Column 2 = torque difference (N-m). The
% speed and torque differences are (left half-shaft) - (right half-shaft).
M_DIFF_RD_TABLE = [
        -1200,       402.88
        -1080,       382.21
         -960,       360.35
         -840,       337.07
         -720,       312.07
         -600,       284.88
         -540,       270.26
         -480,        254.8
         -420,       238.35
         -360,       220.67
         -300,       201.44
         -240,       180.17
         -180,       156.03
         -120,        127.4
          -60,        90.09
            0,            0
           60,       -90.09
          120,       -127.4
          180,      -156.03
          240,      -180.17
          300,      -201.44
          360,      -220.67
          420,      -238.35
          480,       -254.8
          540,      -270.26
          600,      -284.88
          720,      -312.07
          840,      -337.07
          960,      -360.35
         1080,      -382.21
         1200,      -402.88
];  % ENDTABLE


% Torque difference vs. speed difference of the transfer case. Column 1
% = speed difference (rpm). Column 2 = torque difference (N-m). The speed and
% torque differences are (front driveshaft) - (rear driveshaft).
M_DIFF_XC_TABLE = [
        -1200,       402.88
        -1080,       382.21
         -960,       360.35
         -840,       337.07
         -720,       312.07
         -600,       284.88
         -540,       270.26
         -480,        254.8
         -420,       238.35
         -360,       220.67
         -300,       201.44
         -240,       180.17
         -180,       156.03
         -120,        127.4
          -60,        90.09
            0,            0
           60,       -90.09
          120,       -127.4
          180,      -156.03
          240,      -180.17
          300,      -201.44
          360,      -220.67
          420,      -238.35
          480,       -254.8
          540,      -270.26
          600,      -284.88
          720,      -312.07
          840,      -337.07
          960,      -360.35
         1080,      -382.21
         1200,      -402.88
];  % ENDTABLE