% Engine torque applied to crankshaft by pistons as a function of
% throttle position and engine speed. Column 1 = engine speed (rpm). Row 1 =
% throttle position (-). Other columns = engine torque (N-m). Top left corner
% is a placeholder (ignored).
MENGINE_CARPET = [ %  11, columns in table
            0,             0,           0.1,          0.15,           0.2,          0.35,           0.5,           0.7,          0.85,          0.95,             1
            0,             0,             0,             0,             0,             0,             0,             0,             0,             0,             0
      86.6667,        70.704,       128.128,       170.656,       174.128,       176.096,       177.072,       177.408,       177.488,       177.536,       177.488
      173.333,        67.712,       156.352,        235.12,       251.088,       253.648,       254.688,       255.056,       255.088,       255.088,       255.088
      433.333,        10.944,       118.896,        292.24,       334.448,         351.2,       356.928,       359.072,       359.264,       359.216,       359.072
      866.667,       -21.456,        39.744,       262.352,       356.224,       393.408,       407.888,       415.632,       417.744,       419.296,       420.496
         1300,       -33.952,        -8.304,       198.064,        342.88,           414,        444.24,       456.512,       458.336,       459.104,       459.392
      1733.33,       -42.624,       -10.784,       136.864,       306.528,        407.84,       449.488,        466.96,       470.096,       471.376,       471.808
      2166.67,       -50.736,        -25.52,         94.96,       258.416,       392.464,       454.384,       480.176,       484.512,       486.304,       486.912
         2600,       -57.888,       -37.136,        63.408,       206.208,       376.176,       470.448,       513.408,       520.976,       524.208,       525.328
      3033.33,       -64.928,       -47.312,        39.536,       162.512,       338.448,       457.216,       516.832,       527.968,       532.848,       534.608
      3466.67,           -72,       -56.752,        19.872,       128.656,        293.52,        418.56,       484.688,       497.168,       502.576,       504.464
         3900,       -79.472,       -66.288,         0.464,         96.72,       252.928,       399.488,       483.536,        499.92,         507.2,       509.904
      4333.33,       -87.248,       -75.776,       -16.784,        69.344,       210.544,       370.896,       472.976,           494,       503.568,         507.2
      4766.67,        -95.52,       -85.136,       -32.128,         45.44,       172.816,       334.944,       449.056,       473.568,       484.912,        489.28
         5200,      -103.824,       -94.688,       -46.352,         24.32,       140.608,        297.28,       415.552,       441.632,       453.936,       458.736
      5633.33,       -113.12,      -104.656,       -60.128,         4.752,        111.44,       258.048,       372.752,       398.176,       410.112,       414.832
      6066.67,      -123.248,      -115.168,       -73.872,       -13.744,        84.816,       219.968,       326.368,       350.032,       361.152,       365.408
         6500,        -123.2,        -123.2,        -123.2,        -123.2,        -123.2,        -123.2,        -123.2,        -123.2,        -123.2,        -123.2
]; % ENDTABLE

